2456471.72085 84.1756650078 22.5909632467
2456471.72705 -26.822956586 20.8545269767
2456471.73202 -165.396688851 28.3006445051
2456471.73698 6.39493217128 25.367346958
2456471.74197 -54.8593317161 26.160758892
2456471.74695 -103.678883593 24.7329533483
2456471.75194 -27.6652637376 25.5237875357
2456471.75693 -60.9710125018 29.2577665757
2456471.76189 91.1392267457 27.2804882749
2456471.76688 -39.1048975511 22.2108167955
2456471.77187 26.5590925358 24.4566975631
2456471.77693 -35.9675057913 23.0334312017
2456471.7819 17.1541331042 18.5509478059
2456471.78935 -45.2777601971 21.7205773039
2456472.68972 -36.5142407134 16.5192382541
2456472.69469 -90.0813851633 16.2335834975
2456472.69967 -25.0907524117 15.1130988733
2456472.70463 -1.1277872667 15.7469879911
2456472.70959 -0.999492433544 13.7288744273
2456472.71456 -5.15712445678 14.3779949098
2456472.71953 19.8615301086 14.4271175352
2456472.7245 7.75152016568 13.4384811285
2456472.72947 -9.32857202014 15.9200019246
2456472.73442 -21.7631946095 15.8229633136
2456472.73956 -13.1836401823 14.7475761274
2456472.74453 -33.0301185013 13.3815604904
2456472.7495 -43.5341493116 14.7832243023
2456472.75446 -60.4603128308 17.0932538019
2456473.68971 52.0226427707 22.9109740762
2456473.6953 -137.419727025 23.1887997542
2456473.70029 -19.0356628831 29.1406628175
2456473.70524 44.3289282519 29.6920344276
2456473.71021 53.854360003 27.8286308069
2456473.71516 -39.992783811 22.0591050154
2456473.72015 45.7411763969 18.5236979503
2456473.72511 -55.2550880814 18.3041435422
2456473.73007 -156.503657663 22.3051141291
2456473.73506 -92.3287743448 22.7750210526
2456473.74002 249.421539485 38.3365060281
2456473.7451 97.2292484661 34.6883650273
2456473.75009 169.322336857 35.0185545126
2456473.75508 96.8196067706 33.1585087564
2457566.52893 -24.3639952283 17.4852460554
2457566.53243 -67.9697018651 17.4942351541
2457566.56211 44.193565733 16.1960191515
2457566.56549 27.9417880206 17.320477499
2457566.56887 37.5664698394 17.3337727239
2457566.57225 90.165794576 17.1087851616
2457566.57563 53.5936186748 17.4078082765
2457566.57901 22.7314879107 15.7143268046
2457566.58239 1.47487779832 15.9501528868
2457566.58577 -63.9011484876 16.7256568665
2457566.58915 -89.2288219298 17.8742830128
2457566.59255 -114.796269758 18.0844306847
2457566.59593 -109.300524974 18.5078400863
2457566.59931 -107.224051436 16.9219900947
2457566.60269 -54.633890591 15.6612234535
2457566.60607 -52.9395516635 15.4276766319
2457566.61072 -32.5060493164 15.9986246589
2457566.6141 26.5874495091 16.4397620616
2457566.61748 17.5799624235 16.9641956435
2457566.62086 8.92874203356 15.9328193737
2457566.62429 60.5188926903 16.1590221738
2457566.62768 89.7556382494 18.1780079341
2457566.63106 89.25556319 15.9436080567
2457566.63444 30.5976541179 15.7569974431
2457566.63782 -29.7035963405 14.2589107459
2457566.6412 -58.3332430891 16.7669485585
2457566.64458 -107.5826526 16.481863213
2457566.64796 -97.2477724138 18.2199721254
2457566.65134 -96.0762708636 18.0533672673
2457566.65472 -116.074674477 18.1469196637
