   57566.52893       3.785     1.000  XXXX
   57566.53243     -26.068     1.000  XXXX
   57566.56211      55.139     1.000  XXXX
   57566.56549      46.138     1.000  XXXX
   57566.56887      45.464     1.000  XXXX
   57566.57225      97.669     1.000  XXXX
   57566.57563      69.016     1.000  XXXX
   57566.57901      42.455     1.000  XXXX
   57566.58239      29.257     1.000  XXXX
   57566.58577     -29.909     1.000  XXXX
   57566.58915     -55.292     1.000  XXXX
   57566.59255     -77.909     1.000  XXXX
   57566.59593     -76.476     1.000  XXXX
   57566.59931     -77.685     1.000  XXXX
   57566.60269     -43.244     1.000  XXXX
   57566.60607     -36.404     1.000  XXXX
   57566.61072     -15.305     1.000  XXXX
   57566.61410      40.817     1.000  XXXX
   57566.61748      28.157     1.000  XXXX
   57566.62086      32.860     1.000  XXXX
   57566.62429      68.683     1.000  XXXX
   57566.62768      93.023     1.000  XXXX
   57566.63106      96.636     1.000  XXXX
   57566.63444      51.790     1.000  XXXX
   57566.63782       4.805     1.000  XXXX
   57566.64120     -17.060     1.000  XXXX
   57566.64458     -67.943     1.000  XXXX
   57566.64796     -58.393     1.000  XXXX
   57566.65134     -62.558     1.000  XXXX
   57566.65472     -88.380     1.000  XXXX
