   57566.52893      48.812  
   57566.53243      20.132  
   57566.56211      19.791  
   57566.56549      19.313  
   57566.56887      22.956  
   57566.57225      37.494  
   57566.57563      37.093  
   57566.57901      27.141  
   57566.58239      28.502  
   57566.58577      16.848  
   57566.58915      -1.813  
   57566.59255     -32.192  
   57566.59593     -42.752  
   57566.59931     -41.309  
   57566.60269     -44.026  
   57566.60607     -39.042  
   57566.61072     -27.501  
   57566.61410      -4.773  
   57566.61748       1.721  
   57566.62086      18.920  
   57566.62429      18.603  
   57566.62768      30.559  
   57566.63106      41.837  
   57566.63444      33.293  
   57566.63782      31.302  
   57566.64120      25.549  
   57566.64458      -0.879  
   57566.64796      -9.962  
   57566.65134     -29.807  
   57566.65472     -43.415  
   57566.56843     -25.876  
